1767325892.567661285
1767325892.587748289
1767325892.617468357
1767325892.637524843
1767325892.659102201
1767325892.687410831
1767325892.707653284
1767325892.738055944
1767325892.758348465
1767325892.786932230
1767325892.807072401
1767325892.827075243
1767325892.847390890
1767325892.877226114
1767325892.907268524
1767325892.936955929
1767325892.958221674
1767325892.978590727
1767325893.007877588
1767325893.029062510
1767325893.050902128
1767325893.077482700
1767325893.097604275
1767325893.127485991
1767325893.147490263
1767325893.167585373
1767325893.199169874
1767325893.227433920
1767325893.257276535
1767325893.287651300
1767325893.307915449
1767325893.328205109
1767325893.357240200
1767325893.378526688
1767325893.408276558
1767325893.437591076
1767325893.458165646
1767325893.487085819
1767325893.507663488
1767325893.537021875
1767325893.557183504
1767325893.587317944
1767325893.618247032
1767325893.648008347
1767325893.677049398
1767325893.697146416
1767325893.730760574
1767325893.757888317
1767325893.787996769
1767325893.818312645
1767325893.847042561
1767325893.867893934
1767325893.897465944
1767325893.917928934
1767325893.947933197
1767325893.978112698
1767325894.008276701
1767325894.037865639
1767325894.057931423
1767325894.087754011
1767325894.107920408
1767325894.128083706
1767325894.148122311
1767325894.177156925
1767325894.207096100
1767325894.227828264
1767325894.258086681
1767325894.278272867
1767325894.307661772
1767325894.337180614
1767325894.358554125
1767325894.387413740
1767325894.417009830
1767325894.437566996
1767325894.467304468
1767325894.497221470
1767325894.517226458
1767325894.537319899
1767325894.567189455
1767325894.587568998
1767325894.618499041
1767325894.647591352
1767325894.667640924
1767325894.687673807
1767325894.708082676
1767325894.737834215
1767325894.757906437
1767325894.777986050
1767325894.807957649
1767325894.837516546
1767325894.858060598
1767325894.878349066
1767325894.908274651
1767325894.938329458
1767325894.967492819
1767325894.987684250
1767325895.008491516
1767325895.039428711
1767325895.067311764
1767325895.087982416
1767325895.107984304
1767325895.127994299
1767325895.158467531
1767325895.187032700
1767325895.207948685
1767325895.227983475
1767325895.257145166
1767325895.287101269
1767325895.307379246
1767325895.327407598
1767325895.348419428
1767325895.377155066
1767325895.397249222
1767325895.417572975
1767325895.614015818
1767325895.634238720
1767325895.678478956
1767325895.738993168
1767325895.807024479
1767325895.858857870
1767325895.922641277
1767325895.979698658
1767325896.030704498
1767325896.145070076
1767325896.190903187
1767325896.254676342
1767325896.310662508
1767325896.370738983
1767325896.430521727
1767325896.490687609
1767325896.550584078
1767325896.610572577
1767325896.670595646
1767325896.734693766
1767325896.794593334
1767325896.854621649
1767325896.914697647
1767325896.970606565
1767325897.034603834
1767325897.090565443
1767325897.150574684
1767325897.210637808
1767325897.270551920
1767325897.330473423
1767325897.390583754
1767325897.454636335
1767325897.510662317
1767325897.574462891
1767325897.634630203
1767325897.690814495
1767325897.750651360
1767325897.810473919
1767325897.870584488
1767325897.930648565
1767325897.994595051
1767325898.050601721
1767325898.114774466
1767325898.170724869
1767325898.231487274
1767325898.290693760
1767325898.350597858
1767325898.410649300
1767325898.471072197
1767325898.530543327
1767325898.590878248
1767325898.654658079
1767325898.710727692
1767325898.771344423
1767325898.830671072
1767325898.890636444
1767325898.950573683
1767325899.010551929
1767325899.071417570
1767325899.130624294
1767325899.190732718
1767325899.254740953
1767325899.310799837
1767325899.370578766
1767325899.430655956
1767325899.490703821
1767325899.551125526
1767325899.610657930
1767325899.671186686
1767325899.730824947
1767325899.791411638
1767325899.850531340
1767325899.910693407
1767325899.970558405
1767325900.030657053
1767325900.090655088
1767325900.154712439
1767325900.214668989
1767325900.270486832
1767325900.330560207
1767325900.394740582
1767325900.450662851
1767325900.514619589
1767325900.570747137
1767325900.630624771
1767325900.690585613
1767325900.754778862
1767325900.810628891
1767325900.874535561
1767325900.930655241
1767325900.990724564
1767325901.054666519
1767325901.110842943
1767325901.170545816
1767325901.230542421
1767325901.290683270
1767325901.354625463
1767325901.410635710
1767325901.470633507
1767325901.534649849
1767325901.591944218
1767325901.650615692
1767325901.711582899
1767325901.774657249
1767325901.830709696
1767325901.890697956
1767325901.950596094
1767325902.010993958
1767325902.071316957
1767325902.134703398
1767325902.190557718
1767325902.254659891
1767325902.310922861
1767325902.371076345
1767325902.430659533
1767325902.494624376
1767325902.554744244
1767325902.614578485
1767325902.670624733
1767325902.730583429
1767325902.790774584
1767325902.850835323
1767325902.910828829
1767325902.974653482
1767325903.030590773
1767325903.090750933
1767325903.150628328
1767325903.210706711
1767325903.270604610
1767325903.330500126
1767325903.390718222
1767325903.454816103
1767325903.510628939
1767325903.570542574
1767325903.634589434
1767325903.694625378
1767325903.750929594
1767325903.810590506
1767325903.871067524
1767325903.930615425
1767325903.990592480
1767325904.050757885
1767325904.110647917
1767325904.170928240
1767325904.230770111
1767325904.295050383
1767325904.350652218
1767325904.410982609
1767325904.470962524
1767325904.530877352
1767325904.590912104
1767325904.650537014
1767325904.710690975
1767325904.770531654
1767325904.830860376
1767325904.891250372
1767325904.951249361
1767325905.010634899
1767325905.070644140
1767325905.134892225
1767325905.190607071
1767325905.250632524
1767325905.310699701
1767325905.371348143
1767325905.431838989
1767325905.490526676
1767325905.550610304
1767325905.614673615
1767325905.670627356
1767325905.731092453
1767325905.791115522
1767325905.851007462
1767325905.910817862
1767325905.970571280
1767325906.030645132
1767325906.090762377
1767325906.150725842
1767325906.210922718
1767325906.270595551
1767325906.331182957
1767325906.390552759
1767325906.454971552
1767325906.510670424
1767325906.570615530
1767325906.630525827
1767325906.691021681
1767325906.751097679
1767325906.814964533
1767325906.870697260
1767325906.930523157
1767325906.990606546
1767325907.054659605
1767325907.110709667
1767325907.170656919
1767325907.230623960
1767325907.290619135
1767325907.354571581
1767325907.410604239
1767325907.474676847
1767325907.534606457
1767325907.590766668
1767325907.650566101
1767325907.710741043
1767325907.770541668
1767325907.830612183
1767325907.894634724
1767325907.950762272
1767325908.010563612
1767325908.070621014
1767325908.134580374
1767325908.190770149
1767325908.250622749
1767325908.311686039
1767325908.370573997
1767325908.430514336
1767325908.494569778
1767325908.554563284
1767325908.611126900
1767325908.670736313
1767325908.730624676
1767325908.794572592
1767325908.850765228
1767325908.910571098
1767325908.974648237
1767325909.034614086
1767325909.090579987
1767325909.150754929
1767325909.214929104
1767325909.274677515
1767325909.330766678
1767325909.390678883
1767325909.450641632
1767325909.510876656
1767325909.570740461
1767325909.634704113
1767325909.691108227
1767325909.755381107
1767325909.810799837
1767325909.874546289
1767325909.930543900
1767325909.994679689
1767325910.050689459
1767325910.114691019
1767325910.170583963
1767325910.234800100
1767325910.290928364
1767325910.351206064
1767325910.414788961
1767325910.470807791
1767325910.535024405
1767325910.590661764
1767325910.650869131
1767325910.710638046
1767325910.770578623
1767325910.830670118
1767325910.891119003
1767325910.950667858
1767325911.010792017
1767325911.070863008
1767325911.134649754
1767325911.190753937
1767325911.250569344
1767325911.310583353
1767325911.370687723
1767325911.430737019
1767325911.490986586
1767325911.550669432
1767325911.610890388
1767325911.670578003
1767325911.730739832
1767325911.790771484
1767325911.850803852
1767325911.910685539
1767325911.970579863
1767325912.030733109
1767325912.090902090
1767325912.150662422
1767325912.214776039
1767325912.270586967
1767325912.330561638
1767325912.390694380
1767325912.450633287
1767325912.510658741
1767325912.570694923
1767325912.630815268
1767325912.694559336
1767325912.755639791
1767325912.810740709
1767325912.874669075
1767325912.930631399
1767325912.995182514
1767325913.050602436
1767325913.110835791
1767325913.170583487
1767325913.230693579
1767325913.291134596
1767325913.350772858
1767325913.410639048
1767325913.470598936
1767325913.530879736
1767325913.591002464
1767325913.650646448
1767325913.710724354
1767325913.774814129
1767325913.830826283
1767325913.890555620
1767325913.954664469
1767325914.010760069
1767325914.070682049
1767325914.130932570
1767325914.190862179
1767325914.250600576
1767325914.310550451
1767325914.374646425
1767325914.434579134
1767325914.490632534
1767325914.550645113
1767325914.610595226
1767325914.670649052
1767325914.730664730
1767325914.790788651
1767325914.850644112
1767325914.910619259
1767325914.970541477
1767325915.030649900
1767325915.091986895
1767325915.151191950
1767325915.214988708
1767325915.270628929
1767325915.330587387
1767325915.390756130
1767325915.450619936
1767325915.510517597
1767325915.570581198
1767325915.630557299
1767325915.690779686
1767325915.751075506
1767325915.810925722
1767325915.870699167
1767325915.930793047
1767325915.990826607
1767325916.050725698
1767325916.110797167
1767325916.170518398
1767325916.230622768
1767325916.290668964
1767325916.350727081
1767325916.410523891
1767325916.470587969
1767325916.534645319
1767325916.590920448
1767325916.654642820
1767325916.710487127
1767325916.774832964
1767325916.830560923
1767325916.890629292
1767325916.950572252
1767325917.010528088
1767325917.070542336
1767325917.130605221
1767325917.190516472
1767325917.250579596
1767325917.310661077
1767325917.374613285
1767325917.430955410
1767325917.490754604
1767325917.550697327
1767325917.610671282
1767325917.670749903
1767325917.730564594
1767325917.790908337
1767325917.850731850
1767325917.910650253
1767325917.970715761
1767325918.030573845
1767325918.090842962
1767325918.150653601
1767325918.210816622
1767325918.274623871
1767325918.330901146
1767325918.391447306
1767325918.455328465
1767325918.510575771
1767325918.574524164
1767325918.631105661
1767325918.690563917
1767325918.750794411
1767325918.811104059
1767325918.870596409
1767325918.930573702
1767325918.990478277
1767325919.050653696
1767325919.110617399
1767325919.170547485
1767325919.230625629
1767325919.291053772
1767325919.351044655
1767325919.414741039
1767325919.470620871
1767325919.530796766
1767325919.590854406
1767325919.650636196
1767325919.710602045
1767325919.774621010
1767325919.830824852
1767325919.890726805
1767325919.950609684
1767325920.010719538
1767325920.070554495
1767325920.130649567
1767325920.195433140
1767325920.254719019
1767325920.314982891
1767325920.374573708
1767325920.430525780
1767325920.490605831
1767325920.550885677
1767325920.614719152
1767325920.670537949
1767325920.730583906
1767325920.791052580
1767325920.854724646
1767325920.910592794
1767325920.970780849
1767325921.034823179
1767325921.090500832
1767325921.150535345
1767325921.210666895
1767325921.274585724
1767325921.334593534
1767325921.390924454
1767325921.454677820
1767325921.514739752
1767325921.570659637
1767325921.634600401
1767325921.690923214
1767325921.750573397
1767325921.810483456
1767325921.870682955
1767325921.930621624
1767325921.994641066
1767325922.051531553
1767325922.110531330
1767325922.171795368
1767325922.230621338
1767325922.290780067
1767325922.350574493
1767325922.410649061
1767325922.470562935
1767325922.530497313
1767325922.590873718
1767325922.651062965
1767325922.710519075
1767325922.770671606
1767325922.830541372
1767325922.890605211
1767325922.950648785
1767325923.010721922
1767325923.070668221
1767325923.130681038
1767325923.190639496
1767325923.250568628
1767325923.310890436
1767325923.374857426
1767325923.441498041
1767325923.483105183
1767325923.593122005
1767325923.634577274
1767325923.714947701
1767325923.742213964
1767325923.762815952
1767325923.837141991
1767325923.857759953
1767325923.887657881
1767325923.907750368
1767325923.927827597
1767325923.957741976
1767325923.987689018
1767325924.017706394
1767325924.047533274
1767325924.067686319
1767325924.097560883
1767325924.127545357
1767325924.157437801
1767325924.178035975
1767325924.207710505
1767325924.237593889
1767325924.257777452
1767325924.277807474
1767325924.307617903
1767325924.337560654
1767325924.357578754
1767325924.377981901
1767325924.407962084
1767325924.437667131
1767325924.457743645
1767325924.488255501
1767325924.517539263
1767325924.537571669
1767325924.557758331
1767325924.587560654
1767325924.617552042
1767325924.637784243
1767325924.658332825
1767325924.687532663
1767325924.707838535
1767325924.737556458
1767325924.767486334
1767325924.787531614
1767325924.807704210
1767325924.837548256
1767325924.858021259
1767325924.887009382
1767325924.908473730
1767325924.937989950
1767325924.967854500
1767325924.997027636
1767325925.017255783
1767325925.037857056
1767325925.067030191
1767325925.087767363
1767325925.117934704
1767325925.147539377
1767325925.177615881
1767325925.197660923
1767325925.229216814
1767325925.257965565
1767325925.287342548
1767325925.317097664
1767325925.337328434
1767325925.367246389
1767325925.387631893
1767325925.417176723
1767325925.437556982
1767325925.467801332
1767325925.497476816
1767325925.527231932
1767325925.547544003
1767325925.567849874
1767325925.597051144
1767325925.617671490
1767325925.637863159
1767325925.667633772
1767325925.687850952
1767325925.717796803
1767325925.737876654
1767325925.767763853
1767325925.788172483
1767325925.817413568
1767325925.837564945
1767325925.867408752
1767325925.888154745
1767325925.917442799
1767325925.937458277
1767325925.958290339
1767325925.987396479
1767325926.007600784
1767325926.028501749
1767325926.057737827
1767325926.087394953
1767325926.108297825
1767325926.137910604
1767325926.158583641
1767325926.187373161
1767325926.207832575
1767325926.237691879
1767325926.257807493
1767325926.287434578
1767325926.316935062
1767325926.347278833
1767325926.367301464
1767325926.397439003
1767325926.427255869
1767325926.447518826
1767325926.477275610
1767325926.497981310
1767325926.518105268
1767325926.547395229
1767325926.577139139
1767325926.597647905
1767325926.618011475
1767325926.647422075
1767325926.670555592
1767325926.697909355
1767325926.727706909
1767325926.757385969
1767325926.788285494
1767325926.817229271
1767325926.838362455
1767325926.867904186
1767325926.888125420
1767325926.917917013
1767325926.937993050
1767325926.958175898
1767325926.978350639
1767325927.007250309
1767325927.037099600
1767325927.057528496
1767325927.087604046
1767325927.107663870
1767325927.137372017
1767325927.157619476
1767325927.187471867
1767325927.207520962
1767325927.237753630
1767325927.267614603
1767325927.297234297
1767325927.317957878
1767325927.347370148
1767325927.377680779
1767325927.397788048
1767325927.417902470
1767325927.447134018
1767325927.467391968
1767325927.487763405
1767325927.507782221
1767325927.528397799
1767325927.557859898
1767325927.587648869
1767325927.617699146
1767325927.637999058
1767325927.667330265
1767325927.698419809
1767325927.727163076
1767325927.747403145
1767325927.777162075
1767325927.797457218
1767325927.827065706
1767325927.847564697
1767325927.877228260
1767325927.897307873
1767325927.927292109
1767325927.948004007
1767325927.977366924
1767325927.997611523
1767325928.017826796
1767325928.047571421
1767325928.077681303
1767325928.107246161
1767325928.127341747
1767325928.147347212
1767325928.167865992
1767325928.198313713
1767325928.227608204
1767325928.257553339
1767325928.287406921
1767325928.307948589
1767325928.337220669
1767325928.367207766
1767325928.387352705
1767325928.407569647
1767325928.427980185
1767325928.457187414
1767325928.477387905
1767325928.507191181
1767325928.527269840
1767325928.547684669
1767325928.577840328
1767325928.609798431
1767325928.637735844
1767325928.657742023
1767325928.687540293
1767325928.707629681
1767325928.737878561
1767325928.767656565
1767325928.787793636
1767325928.817741394
1767325928.847654104
1767325928.867748499
1767325928.887834311
1767325928.917665720
1767325928.937674522
1767325928.967575073
1767325928.987599611
1767325929.007640362
1767325929.037643671
1767325929.057789564
1767325929.078262568
1767325929.107447624
1767325929.137392759
1767325929.167414904
1767325929.197350502
1767325929.227220297
1767325929.248647928
1767325929.277167559
1767325929.297502756
1767325929.327721596
1767325929.358386755
1767325929.387208700
1767325929.417862654
1767325929.447160721
1767325929.467906713
1767325929.497520685
1767325929.517618418
1767325929.547532558
1767325929.567633867
1767325929.597411633
1767325929.617927790
1767325929.647343874
1767325929.677398443
1767325929.706966162
1767325929.727892399
1767325929.757236481
1767325929.777340174
1767325929.797546625
1767325929.827123880
1767325929.847420454
1767325929.870098829
1767325929.897608519
1767325929.926962614
1767325929.947167873
1767325929.968470573
1767325929.998013735
1767325930.028000116
1767325930.057693720
1767325930.087351322
1767325930.117310762
1767325930.138022423
1767325930.167434931
1767325930.189121723
1767325930.217947006
1767325930.247440577
1767325930.277214289
1767325930.297426701
1767325930.327144861
1767325930.357278824
1767325930.377917290
1767325930.408370972
1767325930.437968731
1767325930.458266497
1767325930.487035513
1767325930.509007454
1767325930.538792849
1767325930.567203522
1767325930.588666916
1767325930.618016720
1767325930.647777796
1767325930.667959690
1767325930.698048592
1767325930.718081236
1767325930.747572899
1767325930.768018007
1767325930.788028240
1767325930.818221569
1767325930.848036051
1767325930.878061533
1767325930.907960653
1767325930.937039375
1767325930.958824873
1767325930.987017393
1767325931.007285118
1767325931.027419567
1767325931.047462225
1767325931.067855120
1767325931.097373724
1767325931.117626905
1767325931.137834072
1767325931.167192221
1767325931.197579145
1767325931.227158785
1767325931.247308969
1767325931.277365923
1767325931.297662258
1767325931.327196121
1767325931.357304096
1767325931.387082815
1767325931.407628059
1767325931.427715778
1767325931.458467245
1767325931.487304211
1767325931.517375946
1767325931.547020435
1767325931.567025661
1767325931.597741127
1767325931.627755642
1767325931.657130241
1767325931.677712440
1767325931.707806826
1767325931.728052139
1767325931.758139372
1767325931.787395000
1767325931.818095684
1767325931.847267389
1767325931.877161503
1767325931.898201942
1767325931.927440166
1767325931.957010984
1767325931.977172613
1767325931.997359514
1767325932.026994228
1767325932.047993898
1767325932.068087578
1767325932.097906590
1767325932.118739605
1767325932.147843361
1767325932.177984238
1767325932.208086014
1767325932.228312254
1767325932.258058786
1767325932.278244972
1767325932.307930231
1767325932.337833881
1767325932.367515802
1767325932.399468899
1767325932.427780151
1767325932.448152065
1767325932.477593422
1767325932.497616529
1767325932.528372526
1767325932.557195425
1767325932.577241659
1767325932.597265244
1767325932.627419710
1767325932.648002386
1767325932.677083492
1767325932.707020283
1767325932.727169991
1767325932.748096228
1767325932.777008772
1767325932.797634363
1767325932.817868710
1767325932.847407579
1767325932.867489576
1767325932.887964487
1767325932.917284966
1767325932.937900066
1767325932.958201647
1767325932.978444576
1767325933.008099556
1767325933.038233042
1767325933.067990303
1767325933.097999334
1767325933.127835035
1767325933.148189306
1767325933.177761316
1767325933.197803497
1767325933.227212667
1767325933.247715473
1767325933.267748356
1767325933.288228750
1767325933.317637205
1767325933.337696314
1767325933.367092371
1767325933.388192415
1767325933.417122841
1767325933.437450409
1767325933.467458725
1767325933.497566223
1767325933.527215242
1767325933.547471046
1767325933.568033695
1767325933.588105202
1767325933.617616653
1767325933.637693405
1767325933.657959938
1767325933.686863422
1767325933.707921267
1767325933.737962723
1767325933.758159876
1767325933.778211594
1767325933.806861639
1767325933.827762604
1767325933.857749939
1767325933.878673553
1767325933.907018661
1767325933.927281618
1767325933.957294464
1767325933.987366676
1767325934.017148972
1767325934.047764540
1767325934.077122211
1767325934.097178936
1767325934.117877245
1767325934.147438765
1767325934.167808294
1767325934.187928200
1767325934.217192888
1767325934.237438679
1767325934.267793417
1767325934.298765182
1767325934.328165770
1767325934.358249187
1767325934.387880325
1767325934.417747974
1767325934.447069883
1767325934.467734337
1767325934.488003016
1767325934.508421183
1767325934.537869215
1767325934.557952404
1767325934.578059435
1767325934.608235598
1767325934.628529549
1767325934.656929255
1767325934.677984238
1767325934.707181692
1767325934.727706432
1767325934.757494688
1767325934.787424564
1767325934.817251205
1767325934.847161293
1767325934.867739677
1767325934.888356924
1767325934.918374062
1767325934.948943377
1767325934.977840662
1767325935.007533312
1767325935.027894020
1767325935.047929764
1767325935.078065395
1767325935.107315779
1767325935.127506733
1767325935.147732973
1767325935.177366257
1767325935.197933435
1767325935.228020906
1767325935.258125305
1767325935.287608385
1767325935.307693243
1767325935.337105513
1767325935.357849360
1767325935.387165785
1767325935.407310724
1767325935.437450647
1767325935.467216253
1767325935.497256994
1767325935.517383814
1767325935.537638664
1767325935.567112446
1767325935.587270498
1767325935.617333412
1767325935.647923946
1767325935.677234888
1767325935.697369814
1767325935.727470636
1767325935.757626772
1767325935.787230253
1767325935.817126513
1767325935.837174892
1767325935.857255697
1767325935.887212753
1767325935.917117357
1767325935.937129736
1767325935.957176208
1767325935.977360487
1767325936.007224321
1767325936.027352333
1767325936.047502041
1767325936.077269077
1767325936.107161045
1767325936.127241373
1767325936.148150921
1767325936.177168608
1767325936.207119465
1767325936.227154970
1767325936.247264624
1767325936.277157068
1767325936.297345877
1767325936.327070951
1767325936.347336531
1767325936.377111197
1767325936.397360802
1767325936.427579641
1767325936.457036734
1767325936.477124214
1767325936.497232199
1767325936.527195692
1767325936.547593117
1767325936.577090025
1767325936.597409487
1767325936.617497683
1767325936.647620916
1767325936.677530050
1767325936.707267046
1767325936.737174273
1767325936.767286301
1767325936.787439346
1767325936.817270994
1767325936.847857475
1767325936.877211332
1767325936.897487402
1767325936.927068472
1767325936.947415590
1767325936.977151632
1767325936.997526884
1767325937.027231455
1767325937.047469139
1767325937.077159882
1767325937.098806620
1767325937.127145767
1767325937.147213936
1767325937.178300858
1767325937.207766056
1767325937.227894783
1767325937.257224321
1767325937.277515888
1767325937.297535419
1767325937.317585707
1767325937.348130941
1767325937.377389669
1767325937.397580624
1767325937.417646646
1767325937.447635412
1767325937.477289438
1767325937.497534275
1767325937.527474880
1767325937.548919439
1767325937.577806234
1767325937.598062754
1767325937.627519369
1767325937.647694588
1767325937.677845240
1767325937.707153320
1767325937.727732897
1767325937.757805347
1767325937.787688494
1767325937.807691574
1767325937.837362766
1767325937.857380629
1767325937.877519369
1767325937.897603273
1767325937.919172049
1767325937.948173046
1767325937.977784157
1767325938.007753372
1767325938.028277874
1767325938.057868719
1767325938.087000608
1767325938.108092546
1767325938.128371716
1767325938.157274961
1767325938.187062979
1767325938.217346430
1767325938.237618685
1767325938.267660618
1767325938.298558474
1767325938.327103615
1767325938.347724915
1767325938.377343893
1767325938.407083511
1767325938.437447548
1767325938.457791567
1767325938.487607002
1767325938.507740021
1767325938.536960840
1767325938.567151785
1767325938.587553263
1767325938.607693434
1767325938.627732992
1767325938.657746553
1767325938.677844286
1767325938.698105335
1767325938.727784395
1767325938.757663012
1767325938.778167009
1767325938.798463583
1767325938.827599764
1767325938.848258734
1767325938.877747297
1767325938.907062769
1767325938.927583694
1767325938.948361397
1767325938.977043390
1767325938.997734308
1767325939.027933359
1767325939.057215214
1767325939.077254772
1767325939.097369671
1767325939.117710590
1767325939.147641897
1767325939.177106619
1767325939.197499037
1767325939.227675915
1767325939.257354498
1767325939.287290096
1767325939.317156792
1767325939.337455273
1767325939.367255688
1767325939.397749424
1767325939.428493500
1767325939.457676411
1767325939.487010241
1767325939.508197069
1767325939.538799286
1767325939.568190098
1767325939.597695112
1767325939.618423939
1767325939.648280382
1767325939.677700281
1767325939.706984997
1767325939.727834940
1767325939.757860899
1767325939.788547039
1767325939.818364859
1767325939.847725630
1767325939.868144274
1767325939.897568464
1767325939.927913189
1767325939.948038101
1767325939.977406263
1767325939.997579098
1767325940.027445555
1767325940.047839165
1767325940.077642441
1767325940.107117176
1767325940.127901316
1767325940.149204493
1767325940.178003073
1767325940.198729038
1767325940.227826595
1767325940.257999659
1767325940.278130770
1767325940.308112860
1767325940.337555408
1767325940.358019590
1767325940.388243437
1767325940.418036461
1767325940.447556734
1767325940.477958679
1767325940.508009434
1767325940.537959814
1767325940.558010340
1767325940.588137388
1767325940.617927074
1767325940.648253441
1767325940.677845716
1767325940.698038340
1767325940.718044996
1767325940.738121033
1767325940.767782927
1767325940.797132492
1767325940.817443132
1767325940.837909698
1767325940.868364334
1767325940.898533106
1767325940.927520037
1767325940.957726240
1767325940.987629652
1767325941.007738113
1767325941.027786970
1767325941.057276011
1767325941.077671528
1767325941.097916126
1767325941.127187490
1767325941.148395538
1767325941.177327394
1767325941.197913170
1767325941.227648497
1767325941.258879423
1767325941.287736893
1767325941.307996750
1767325941.337265253
1767325941.358157396
1767325941.387289286
1767325941.408161640
1767325941.438090801
1767325941.458310843
1767325941.487964869
1767325941.508128166
1767325941.538275242
1767325941.568065166
1767325941.597405195
1767325941.618229628
1767325941.638254881
1767325941.658351660
1767325941.688414097
1767325941.717794418
1767325941.737995148
1767325941.768065691
1767325941.797604084
1767325941.817654371
1767325941.847557783
1767325941.868120193
1767325941.897260427
1767325941.917785406
1767325941.947225809
1767325941.967726469
1767325941.998279810
1767325942.027898788
1767325942.048226595
1767325942.078127384
1767325942.098602295
1767325942.127712488
1767325942.157059193
1767325942.177067041
1767325942.197298050
1767325942.217304230
1767325942.237889051
1767325942.267584801
1767325942.287845135
1767325942.318016291
1767325942.347447872
1767325942.367544174
1767325942.397377014
1767325942.417708158
1767325942.448184013
1767325942.478255033
1767325942.507225513
1767325942.528042555
1767325942.557857513
1767325942.577904463
1767325942.607888460
1767325942.637991190
1767325942.667775393
1767325942.698124170
1767325942.718152761
1767325942.747843742
1767325942.768168449
1767325942.797816277
1767325942.817818880
1767325942.837878466
1767325942.858015776
1767325942.887822866
1767325942.917902708
1767325942.948617935
1767325942.969717979
1767325942.997754574
1767325943.017779350
1767325943.047922134
1767325943.068234682
1767325943.097169161
1767325943.117535353
1767325943.138379335
1767325943.168125629
1767325943.198077202
1767325943.218196869
1767325943.238938570
1767325943.260100365
1767325943.287983179
1767325943.317952633
1767325943.347980499
1767325943.368271589
1767325943.397173643
1767325943.417958260
1767325943.447145939
1767325943.467178583
1767325943.487681866
1767325943.517386198
1767325943.547034979
1767325943.567091227
1767325943.587283134
1767325943.617268801
1767325943.638155699
1767325943.667410374
1767325943.687480450
1767325943.716986656
1767325943.737460136
1767325943.767081976
1767325943.787627459
1767325943.817266464
1767325943.837369919
1767325943.858256340
1767325943.887071609
1767325943.907204866
1767325943.928018093
1767325943.958255053
1767325943.987338066
1767325944.017788410
1767325944.038109779
1767325944.067460537
1767325944.088064432
1767325944.108324528
1767325944.137843847
1767325944.167818546
1767325944.198300123
1767325944.228975058
1767325944.248998404
1767325944.277876854
1767325944.306946516
1767325944.327301025
1767325944.347490788
1767325944.367495298
1767325944.398042679
1767325944.428617477
1767325944.457219601
1767325944.477264881
1767325944.497328520
1767325944.527333736
1767325944.547736406
1767325944.577559710
1767325944.607099295
1767325944.627268791
1767325944.647392511
1767325944.667466164
1767325944.697956800
1767325944.727097273
1767325944.747897148
1767325944.777314901
1767325944.807173491
1767325944.827499866
1767325944.857187510
1767325944.877193928
1767325944.907096148
1767325944.937196493
1767325944.957668066
1767325944.987465858
1767325945.007997990
1767325945.037925005
1767325945.067807198
1767325945.097212791
1767325945.117971897
1767325945.147891998
1767325945.177906513
1767325945.207767487
1767325945.237016916
1767325945.267164230
1767325945.297190189
1767325945.327345610
1767325945.357270956
1767325945.377772570
1767325945.397818804
1767325945.427580118
1767325945.457808733
1767325945.478125572
1767325945.507526875
1767325945.527689457
1767325945.548049212
1767325945.577683687
1767325945.597742558
1767325945.617953777
1767325945.648873806
1767325945.678501606
1767325945.707791567
1767325945.737650156
1767325945.757718325
1767325945.787592411
1767325945.817562103
1767325945.838122845
1767325945.868487597
1767325945.897104263
1767325945.927595854
1767325945.957447529
1767325945.977704287
1767325946.007390976
1767325946.027648926
1767325946.057522297
1767325946.087415695
1767325946.117580175
1767325946.147963524
1767325946.177623272
1767325946.198518038
1767325946.227632523
1767325946.247855902
1767325946.277493715
1767325946.307665110
1767325946.327739239
1767325946.348742723
1767325946.377888441
1767325946.407132626
1767325946.427600384
1767325946.457476616
1767325946.477711916
1767325946.507428169
1767325946.537198544
1767325946.557447672
1767325946.587179184
1767325946.608226061
1767325946.628576994
1767325946.657846928
1767325946.688104868
1767325946.717649937
1767325946.738062620
1767325946.767563820
1767325946.787660360
1767325946.807689905
1767325946.837675333
1767325946.867670298
1767325946.898153543
1767325946.927624702
1767325946.947894812
1767325946.968188286
1767325946.997767925
1767325947.017837048
1767325947.047863722
1767325947.077355385
1767325947.097696066
1767325947.117801666
1767325947.137901545
1767325947.167473555
1767325947.187506676
1767325947.217123985
1767325947.237856388
1767325947.267416000
1767325947.297308207
1767325947.327426910
1767325947.347631216
1767325947.377252579
1767325947.397634983
1767325947.427350998
1767325947.448248148
1767325947.477491140
1767325947.497620106
1767325947.527424097
1767325947.556948423
1767325947.578074694
1767325947.607533932
1767325947.627724648
1767325947.648070335
1767325947.677201271
1767325947.697340488
1767325947.717786312
1767325947.747957468
1767325947.777531862
1767325947.799477577
1767325947.827754498
1767325947.847756863
1767325947.867773533
1767325947.897780657
1767325947.927626371
1767325947.947731256
1767325947.977154970
1767325947.997782707
1767325948.027656794
1767325948.047710657
1767325948.068157911
1767325948.097907066
1767325948.127601624
1767325948.148152828
1767325948.178298950
1767325948.207711458
1767325948.227838516
1767325948.257503986
1767325948.277915001
1767325948.307882071
1767325948.337701559
1767325948.358045578
1767325948.387807369
1767325948.417600155
1767325948.437774897
1767325948.459166527
1767325948.487231493
1767325948.508002281
1767325948.537356615
1767325948.557922125
1767325948.587404251
1767325948.608398676
1767325948.628649950
1767325948.657073975
1767325948.677841187
1767325948.698258638
1767325948.728030205
1767325948.758132696
1767325948.786993980
1767325948.808164120
1767325948.837672472
1767325948.866829634
1767325948.887051105
1767325948.908187389
1767325948.937548637
1767325948.967890978
1767325948.997943163
1767325949.028282404
1767325949.058682203
1767325949.087738991
1767325949.117079496
1767325949.137425184
1767325949.167327404
1767325949.187398911
1767325949.217032194
1767325949.237090588
1767325949.258440018
1767325949.287570477
1767325949.316944361
1767325949.337900400
1767325949.358059645
1767325949.387207031
1767325949.417421818
1767325949.437939882
1767325949.467199087
1767325949.487419128
1767325949.517293453
1767325949.537343740
1767325949.567197561
1767325949.597346544
1767325949.618309259
1767325949.639230728
1767325949.667976379
1767325949.698067188
1767325949.728432894
1767325949.757399559
1767325949.777732134
1767325949.807522058
1767325949.827926397
1767325949.857491493
1767325949.887761116
1767325949.917037249
1767325949.937130928
1767325949.957999706
1767325949.987541199
1767325950.007560253
1767325950.027805805
1767325950.048101187
1767325950.077440262
1767325950.098455191
1767325950.128527641
1767325950.157776356
1767325950.177835941
1767325950.207582951
1767325950.227767706
1767325950.248448610
1767325950.277451992
1767325950.297591686
1767325950.327333689
1767325950.347651005
1767325950.377429962
1767325950.408314466
1767325950.437879562
1767325950.457921982
1767325950.488143444
1767325950.517521620
1767325950.537573576
1767325950.567652702
1767325950.597810268
1767325950.627660990
1767325950.647663116
1767325950.677693129
1767325950.708160877
1767325950.737607241
1767325950.757947206
1767325950.788005829
1767325950.817331553
1767325950.847454786
1767325950.877605915
1767325950.907606840
1767325950.927677870
1767325950.948253632
1767325950.977505922
1767325950.999077559
1767325951.027465343
1767325951.048621893
1767325951.077580452
1767325951.097944975
1767325951.118254185
1767325951.147706747
1767325951.177335262
1767325951.197584629
1767325951.227463007
1767325951.248033762
1767325951.277676821
1767325951.298878193
1767325951.327467442
1767325951.358407259
1767325951.387721777
1767325951.418131351
1767325951.447002888
1767325951.467362881
1767325951.497600317
1767325951.517650843
1767325951.547731400
1767325951.577639818
1767325951.607434750
1767325951.637521505
1767325951.668063879
1767325951.697669983
1767325951.727150679
1767325951.747258425
1767325951.778481722
1767325951.807612181
1767325951.828426838
1767325951.857938528
1767325951.887571096
1767325951.917661190
1767325951.947842121
1767325951.978397131
1767325952.006963015
1767325952.027007103
1767325952.047269821
1767325952.078029633
1767325952.107256413
1767325952.137156010
1767325952.167050600
1767325952.187302351
1767325952.217898846
1767325952.247158766
1767325952.278424740
1767325952.307238817
1767325952.327383995
1767325952.347877741
1767325952.377382040
1767325952.398211956
1767325952.427348137
1767325952.447798491
1767325952.477405787
1767325952.497791052
1767325952.527975798
1767325952.557410955
1767325952.587743521
1767325952.617607594
1767325952.648155451
1767325952.677606106
1767325952.697800875
1767325952.718575239
1767325952.747801304
1767325952.777569294
1767325952.797823906
1767325952.827358246
1767325952.848140240
1767325952.877501726
1767325952.898103952
1767325952.927537203
1767325952.947751045
1767325952.977600574
1767325952.997821093
1767325953.027287006
1767325953.047540903
1767325953.067686319
1767325953.087711096
1767325953.117051125
1767325953.137680531
1767325953.158127546
1767325953.187741041
1767325953.208823681
1767325953.238656282
1767325953.267933607
1767325953.297833920
1767325953.327724218
1767325953.347986698
1767325953.377979994
1767325953.407862425
1767325953.438222408
1767325953.458438873
1767325953.487758636
1767325953.517001152
1767325953.537030458
1767325953.557039499
1767325953.577351570
1767325953.597591162
1767325953.626946449
1767325953.647133589
1767325953.677416086
1767325953.697542429
1767325953.727283001
1767325953.749604702
1767325953.778235912
1767325953.807076693
1767325953.827909470
1767325953.857606411
1767325953.886837721
1767325953.907307148
1767325953.936949015
1767325953.957078457
1767325953.977087975
1767325954.007046461
1767325954.027829409
1767325954.057158709
1767325954.077265024
1767325954.099135637
1767325954.127424240
1767325954.147560596
1767325954.168161392
1767325954.197163343
1767325954.226908922
1767325954.248085499
1767325954.278026819
1767325954.307559013
1767325954.337538719
1767325954.367466211
1767325954.387680769
1767325954.407883167
1767325954.437620401
1767325954.467442274
1767325954.497776985
1767325954.527179956
1767325954.547542572
1767325954.577540159
1767325954.608142853
1767325954.637583256
1767325954.667843103
1767325954.697536469
1767325954.727607489
1767325954.748192787
1767325954.777385950
1767325954.797968626
1767325954.827668905
1767325954.847842693
1767325954.868131161
1767325954.888282537
1767325954.918006659
1767325954.948102951
1767325954.977015018
1767325954.997706413
1767325955.017977953
1767325955.049537897
1767325955.078387976
1767325955.107501030
1767325955.127561808
1767325955.147922039
1767325955.177153587
1767325955.197357416
1767325955.217447758
1767325955.248314381
1767325955.277173519
1767325955.307271004
1767325955.327988386
1767325955.357931376
1767325955.378231764
1767325955.408156157
1767325955.437275410
1767325955.457961559
1767325955.479128361
1767325955.507356644
1767325955.528465986
1767325955.557407618
1767325955.579097033
1767325955.607275248
1767325955.627543211
1767325955.657214165
1767325955.677559853
1767325955.697650194
1767325955.728100300
1767325955.757372856
1767325955.778138638
1767325955.808029175
1767325955.828068733
1767325955.857262611
1767325955.877318621
1767325955.897322178
1767325955.917636156
1767325955.938320160
1767325955.966986418
1767325955.988086700
1767325956.017816544
1767325956.047657728
1767325956.078431129
1767325956.107365370
1767325956.137658358
1767325956.167022943
1767325956.187124491
1767325956.217340231
1767325956.237372160
1767325956.267240286
1767325956.287342787
1767325956.307487488
1767325956.337661505
1767325956.367234707
1767325956.387502432
1767325956.416968584
1767325956.437097549
1767325956.457390070
1767325956.477727413
1767325956.498103142
1767325956.527597666
1767325956.557514906
1767325956.577541828
1767325956.597625494
1767325956.617784739
1767325956.647781134
1767325956.677661180
1767325956.698128223
1767325956.727800131
1767325956.757338762
1767325956.786962748
1767325956.807421207
1767325956.827698946
1767325956.858603477
1767325956.887166262
1767325956.917034388
1767325956.938564777
1767325956.966995716
1767325956.997721434
1767325957.027511120
1767325957.057412624
1767325957.077525854
1767325957.097667694
1767325957.127592325
1767325957.148745537
1767325957.177570343
1767325957.197867393
1767325957.227981329
1767325957.248521566
1767325957.278845549
1767325957.307979107
1767325957.337312222
1767325957.358106375
1767325957.387515783
1767325957.417212486
1767325957.437466145
1767325957.467055559
1767325957.487167120
1767325957.517319679
1767325957.538641214
1767325957.567246199
1767325957.587277412
1767325957.607529640
1767325957.637230635
1767325957.657652617
1767325957.687120914
1767325957.707651854
1767325957.727806568
1767325957.757803679
1767325957.787245989
1767325957.819633961
1767325957.847446203
1767325957.877294540
1767325957.898143530
1767325957.928177595
1767325957.958624840
1767325957.988084555
1767325958.017335176
1767325958.037717819
1767325958.067191362
1767325958.087276459
1767325958.107397556
1767325958.137496710
1767325958.158113241
1767325958.187210560
1767325958.208274841
1767325958.237871885
1767325958.267763376
1767325958.287766695
1767325958.307794333
1767325958.327823162
1767325958.348078251
1767325958.377713442
1767325958.407588005
1767325958.427639723
1767325958.447941303
1767325958.477411985
1767325958.507034540
1767325958.527561188
1767325958.557007313
1767325958.586892128
1767325958.607060432
1767325958.627171278
1767325958.647187710
1767325958.667333603
1767325958.697386980
1767325958.717626572
1767325958.747181892
1767325958.777063608
1767325958.797483206
1767325958.827287436
1767325958.847512007
1767325958.877355099
1767325958.897991419
1767325958.927291870
1767325958.947936058
1767325958.967967272
1767325958.998285532
1767325959.029570103
1767325959.058008909
1767325959.088084936
1767325959.117638350
1767325959.137918949
1767325959.157994986
1767325959.187205315
1767325959.207269907
1767325959.227774620
1767325959.257591248
1767325959.278609037
1767325959.307360411
1767325959.338621378
1767325959.368674755
1767325959.397141695
1767325959.417959929
1767325959.447350502
1767325959.467427969
1767325959.497214556
1767325959.517724752
1767325959.547590733
1767325959.568090916
1767325959.597955942
1767325959.627268791
1767325959.648348808
1767325959.677569151
1767325959.706969261
1767325959.727277756
1767325959.748235226
1767325959.777599096
1767325959.797637701
1767325959.827842474
1767325959.847946644
1767325959.877224445
1767325959.897547483
1767325959.927512884
1767325959.947612524
1767325959.978046894
1767325960.007207870
1767325960.027802706
1767325960.056963921
1767325960.077171564
1767325960.098463535
1767325960.127519608
1767325960.157991886
1767325960.187220812
1767325960.217479467
1767325960.237977982
1767325960.267554522
1767325960.297616959
1767325960.327778578
1767325960.348045111
1767325960.377645254
1767325960.397840261
1767325960.427370787
1767325960.457903385
1767325960.488025904
1767325960.517351151
1767325960.537859440
1767325960.567618608
1767325960.597952604
1767325960.627818108
1767325960.657521248
1767325960.687026739
1767325960.707050562
1767325960.727263927
1767325960.748286963
1767325960.777002811
1767325960.797512531
1767325960.827393532
1767325960.847584009
1767325960.867625713
1767325960.897525787
1767325960.919315100
1767325960.947830677
1767325960.977974415
1767325960.998370647
1767325961.027235508
1767325961.048214436
1767325961.077157497
1767325961.097165108
1767325961.117373705
1767325961.147571087
1767325961.177140713
1767325961.197585106
1767325961.227885246
1767325961.256966352
1767325961.278007746
1767325961.307903767
1767325961.338438749
1767325961.368059874
1767325961.397713900
1767325961.427380562
1767325961.457998991
1767325961.488028049
1767325961.508800745
1767325961.538454294
1767325961.567818642
1767325961.587852955
1767325961.607899427
1767325961.637969494
1767325961.658049107
1767325961.687930822
1767325961.708003283
1767325961.737945557
1767325961.767156601
1767325961.787307262
1767325961.807384729
1767325961.827394724
1767325961.847489595
1767325961.868281364
1767325961.897490025
1767325961.927013636
1767325961.948462725
1767325961.978044033
1767325962.007710218
1767325962.027825594
1767325962.049227476
1767325962.077126265
1767325962.097845554
1767325962.127202511
1767325962.148883104
1767325962.177397013
1767325962.198346853
1767325962.227708578
1767325962.248041391
1767325962.277357817
1767325962.298376083
1767325962.318442345
1767325962.348218203
1767325962.378207922
1767325962.407268524
1767325962.438041687
1767325962.458190203
1767325962.487922907
1767325962.517091990
1767325962.537236691
1767325962.558225393
1767325962.587112904
1767325962.608138084
1767325962.638026714
1767325962.658415318
1767325962.687306166
1767325962.707447767
1767325962.737880468
1767325962.758087635
1767325962.787206173
1767325962.807381630
1767325962.827641726
1767325962.857162476
1767325962.877569437
1767325962.898057699
1767325962.927133560
1767325962.948313475
1767325962.977681160
1767325962.999071121
1767325963.027793407
1767325963.048375368
1767325963.077682495
1767325963.098186731
1767325963.127589703
1767325963.148265839
1767325963.177642345
1767325963.197697639
1767325963.226975203
1767325963.247498035
1767325963.277249575
1767325963.298998594
1767325963.327120543
1767325963.347429752
1767325963.367483139
1767325963.387638092
1767325963.408088923
1767325963.437290192
1767325963.467694521
1767325963.499775171
1767325963.527455330
1767325963.547508478
1767325963.567711353
1767325963.597509384
1767325963.617632627
1767325963.647915602
1767325963.677452564
1767325963.698257923
1767325963.727802038
1767325963.757709980
1767325963.777771711
1767325963.807572365
1767325963.827596664
1767325963.847908497
1767325963.877543688
1767325963.898060322
1767325963.927627087
1767325963.948095083
1767325963.977900743
1767325963.998409510
1767325964.027691603
1767325964.047869921
1767325964.077356339
1767325964.097390652
1767325964.118242979
1767325964.147355318
1767325964.167399406
1767325964.197675467
1767325964.227628946
1767325964.257822990
1767325964.287436008
1767325964.321152687
1767325964.348600388
1767325964.377814293
1767325964.398282051
1767325964.427382231
1767325964.447860003
1767325964.477487087
1767325964.498550415
1767325964.527377844
1767325964.547590733
1767325964.567732811
1767325964.597911835
1767325964.627478361
1767325964.647654772
1767325964.677250385
1767325964.697622299
1767325964.727346659
1767325964.747766495
1767325964.768192053
1767325964.798240662
1767325964.827897549
1767325964.857318401
1767325964.887412310
1767325964.907716036
1767325964.937845230
1767325964.967725039
1767325964.997524500
1767325965.017623663
1767325965.037887335
1767325965.067593336
1767325965.097326756
1767325965.117981195
1767325965.147345781
1767325965.167781115
1767325965.197781324
1767325965.227835178
1767325965.248294830
1767325965.277346849
1767325965.297634125
1767325965.327585459
1767325965.347587109
1767325965.381299019
1767325965.407158375
1767325965.427890301
1767325965.447930813
1767325965.478235722
1767325965.507752419
1767325965.528011799
1767325965.548275709
1767325965.577990532
1767325965.598089933
1767325965.627735853
1767325965.647854090
1767325965.677719355
1767325965.698469162
1767325965.728329182
1767325965.757831097
1767325965.787188292
1767325965.807775497
1767325965.829057932
1767325965.857298851
1767325965.877409458
1767325965.898079872
1767325965.918427706
1767325965.948169708
1767325965.977963686
1767325965.998025894
1767325966.018056393
1767325966.038235903
1767325966.067301512
1767325966.087522745
1767325966.117350578
1767325966.147321939
1767325966.177197456
1767325966.197738647
1767325966.227289200
1767325966.248152256
1767325966.277139187
1767325966.298857450
1767325966.327654600
1767325966.348243952
1767325966.377605677
1767325966.397714138
1767325966.427666903
1767325966.448931694
1767325966.477772474
1767325966.507745028
1767325966.537905931
1767325966.567853928
1767325966.597579718
1767325966.627608538
1767325966.647879124
1767325966.677786827
1767325966.698038340
1767325966.727515459
1767325966.747823000
1767325966.777331114
1767325966.797611952
1767325966.817678928
1767325966.847727776
1767325966.867958546
1767325966.897607088
1767325966.917996645
1767325966.947993994
1767325966.968071938
1767325966.988141537
1767325967.017459154
1767325967.037610531
1767325967.068304539
1767325967.097655535
1767325967.127693653
1767325967.147800684
1767325967.167843580
1767325967.197781086
1767325967.227582216
1767325967.247627735
1767325967.277668476
1767325967.297740459
1767325967.327728987
1767325967.357557774
1767325967.377984047
1767325967.407686710
1767325967.427709341
1767325967.448116064
1767325967.477555513
1767325967.498294830
1767325967.527575970
1767325967.548165083
1767325967.577504635
1767325967.597877979
1767325967.619039536
1767325967.647586584
1767325967.667787552
1767325967.698466539
1767325967.727349520
1767325967.747418404
1767325967.777469397
1767325967.798248529
1767325967.827726364
1767325967.847785950
1767325967.868129015
1767325967.897897005
1767325967.928380013
1767325967.957327604
1767325967.978059053
1767325968.007428169
1767325968.027452707
1767325968.047694206
1767325968.077451706
1767325968.097957850
1767325968.127595901
1767325968.147810936
1767325968.177437305
1767325968.197536469
1767325968.217601299
1767325968.237689734
1767325968.268149376
1767325968.297717094
1767325968.317730427
1767325968.347654343
1767325968.377412796
1767325968.397611380
1767325968.417612076
1767325968.437834978
1767325968.467490196
1767325968.487822056
1767325968.517625570
1767325968.548560858
1767325968.577382088
1767325968.597695827
1767325968.627566099
1767325968.648397923
1767325968.677695513
1767325968.697824478
1767325968.718108892
1767325968.747987747
1767325968.777726889
1767325968.797737598
1767325968.827260733
1767325968.847686768
1767325968.878039360
1767325968.908018589
1767325968.937761545
1767325968.967633963
1767325968.997929096
1767325969.027652502
1767325969.047792912
1767325969.077447414
1767325969.097713947
1767325969.118841171
1767325969.148812294
1767325969.177700520
1767325969.197916508
1767325969.227431774
1767325969.247911215
1767325969.277575970
1767325969.297755718
1767325969.327615261
1767325969.348145008
1767325969.369235516
1767325969.398039341
1767325969.418561459
1767325969.447337866
1767325969.477243662
1767325969.508728743
1767325969.538663387
1767325969.567740917
1767325969.587855101
1767325969.608363152
1767325969.637862682
1767325969.657908678
1767325969.687257528
1767325969.717835188
1767325969.738307476
1767325969.768228054
1767325969.797938108
1767325969.827007055
1767325969.847965479
1767325969.877160311
1767325969.898926497
1767325969.927651644
1767325969.947758675
1767325969.967990398
1767325969.997260571
1767325970.017481804
1767325970.037915707
1767325970.059404850
1767325970.087346315
1767325970.117152214
1767325970.147557497
1767325970.177319050
1767325970.207265854
1767325970.237708092
1767325970.267165661
1767325970.287370920
1767325970.317347050
1767325970.337644100
1767325970.367227793
1767325970.387261152
1767325970.407283545
1767325970.438413858
1767325970.467453003
1767325970.487666130
1767325970.517245531
1767325970.537575483
1767325970.567330360
1767325970.589488506
1767325970.617624521
1767325970.647594690
1767325970.677537680
1767325970.707562685
1767325970.727580309
1767325970.747913361
1767325970.777770758
1767325970.797852039
1767325970.818001509
1767325970.847091675
1767325970.867787600
1767325970.888050079
1767325970.918858767
1767325970.948149681
1767325970.977215767
1767325970.997698545
1767325971.028664827
1767325971.058048725
1767325971.087106705
1767325971.107484102
1767325971.127566576
1767325971.148170948
1767325971.178393841
1767325971.198782921
1767325971.228495836
1767325971.257537603
1767325971.278010368
1767325971.307799816
1767325971.327853918
1767325971.347997665
1767325971.368243933
1767325971.397737741
1767325971.427543163
1767325971.447619200
1767325971.467842340
1767325971.497654438
1767325971.517749548
1767325971.538014412
1767325971.558219671
1767325971.587733507
1767325971.608015776
1767325971.628400326
1767325971.657822847
1767325971.678477526
1767325971.707758427
1767325971.728012800
1767325971.757164717
1767325971.778012991
1767325971.808009386
1767325971.837278366
1767325971.858000755
1767325971.878221750
1767325971.907537222
1767325971.927731037
1767325971.957922459
1767325971.987519503
1767325972.007603407
1767325972.027674198
1767325972.047740936
1767325972.077564716
1767325972.097700596
1767325972.117979050
1767325972.147847891
1767325972.177395582
1767325972.197714806
1767325972.227958679
1767325972.248232126
1767325972.277619362
1767325972.298008680
1767325972.327619553
1767325972.347944736
1767325972.377396584
1767325972.398036957
1767325972.427414417
1767325972.448030710
1767325972.477511644
1767325972.498196125
1767325972.527420759
1767325972.547739744
1767325972.577056885
1767325972.598156929
1767325972.627919674
1767325972.647997618
1767325972.677730799
1767325972.697732925
1767325972.718420267
1767325972.747986078
1767325972.777761936
1767325972.807712317
1767325972.837532997
1767325972.857583523
1767325972.877720594
1767325972.897847652
1767325972.918212175
1767325972.947628975
1767325972.967914820
1767325972.997291327
1767325973.027284384
1767325973.047933102
1767325973.077190638
1767325973.097767591
1767325973.127237320
1767325973.147356033
1767325973.167584419
1767325973.197697878
1767325973.227462530
1767325973.256986380
1767325973.277071714
1767325973.297210693
1767325973.327658653
1767325973.347991228
1767325973.377685547
1767325973.397993565
1767325973.428185463
1767325973.448410988
1767325973.477767229
1767325973.507585287
1767325973.531325817
1767325973.558768749
1767325973.587372303
1767325973.607433558
1767325973.627613783
1767325973.648048401
1767325973.677382946
1767325973.698125839
1767325973.727400541
1767325973.747953892
1767325973.777016163
1767325973.798694134
1767325973.827380896
1767325973.847486258
1767325973.877881289
1767325973.907815456
1767325973.928212166
1767325973.957752466
1767325973.978578806
1767325973.999587059
1767325974.027241468
1767325974.048512220
1767325974.077599287
1767325974.098036766
1767325974.127638817
1767325974.148091555
1767325974.177603483
1767325974.207509756
1767325974.227584839
1767325974.247609377
1767325974.268083572
1767325974.297665834
1767325974.327489138
1767325974.347627878
1767325974.367689371
1767325974.387785673
1767325974.418012142
1767325974.447718143
1767325974.477921247
1767325974.498919249
1767325974.519427061
1767325974.547801018
1767325974.577816725
1767325974.597878933
1767325974.628215313
1767325974.658573151
1767325974.687795162
1767325974.708194733
1767325974.737645626
1767325974.758481264
1767325974.787215948
1767325974.807700157
1767325974.828253031
1767325974.857779503
1767325974.887158871
1767325974.916970491
1767325974.937553883
1767325974.967094421
1767325974.987140894
1767325975.007523537
1767325975.027766466
1767325975.057428837
1767325975.077481747
1767325975.107428074
1767325975.127481222
1767325975.147644043
1767325975.177467823
1767325975.198198795
1767325975.235578537
1767325975.257957935
1767325975.287580013
1767325975.308763742
1767325975.340015650
1767325975.368372917
1767325975.398436546
1767325975.426946163
1767325975.449511766
1767325975.476976871
1767325975.497340679
1767325975.517877817
1767325975.537966251
1767325975.567465067
1767325975.589120626
1767325975.617333651
1767325975.637740135
1767325975.667736292
1767325975.687902689
1767325975.719099760
1767325975.748085260
1767325975.777055502
1767325975.798051834
1767325975.827265263
1767325975.847527981
1767325975.867757082
1767325975.897365570
1767325975.927405596
1767325975.948208809
1767325975.977215528
1767325975.997281313
1767325976.027553797
1767325976.057772398
1767325976.087091923
1767325976.107454300
1767325976.137434959
1767325976.167547703
1767325976.187609434
1767325976.207767725
1767325976.237453938
1767325976.267017841
1767325976.287257433
1767325976.307672262
1767325976.327689886
1767325976.357805967
1767325976.388457060
1767325976.417170048
1767325976.447496653
1767325976.477563381
1767325976.497777462
1767325976.518004417
1767325976.547443628
1767325976.577917814
1767325976.607127905
1767325976.636995077
1767325976.667046070
1767325976.687169075
1767325976.717248201
1767325976.737456083
1767325976.757893085
1767325976.787643909
1767325976.817447186
1767325976.837561607
1767325976.867501974
1767325976.897372484
1767325976.917653799
1767325976.937783480
1767325976.967246532
1767325976.987320423
1767325977.009050369
1767325977.039229631
1767325977.067725897
1767325977.098320723
1767325977.127650976
1767325977.149220705
1767325977.177121639
1767325977.197456598
1767325977.217541933
1767325977.247170687
1767325977.267318964
1767325977.297207355
1767325977.327932835
1767325977.358876228
1767325977.387650490
1767325977.408222675
1767325977.428253412
1767325977.457093477
1767325977.477327585
1767325977.507130384
1767325977.527310371
1767325977.557151079
1767325977.587193012
1767325977.617989302
1767325977.647200346
1767325977.667261362
1767325977.687430143
1767325977.717103004
1767325977.737161636
1767325977.767200947
1767325977.797183990
1767325977.817433119
1767325977.837909460
1767325977.867249250
1767325977.887491703
1767325977.907835484
1767325977.927964687
1767325977.957440138
1767325977.987350702
1767325978.018820286
1767325978.049061298
1767325978.076958895
1767325978.097300768
1767325978.117457390
1767325978.147189140
1767325978.167479992
1767325978.197681665
1767325978.218084335
1767325978.247465372
1767325978.268737555
1767325978.297040462
1767325978.317157507
1767325978.337337732
1767325978.358056068
1767325978.387388229
1767325978.407548904
1767325978.437869310
1767325978.467168093
1767325978.487239122
1767325978.517620325
1767325978.538890600
1767325978.567324638
1767325978.587482452
1767325978.617061138
1767325978.637889862
1767325978.667709827
1767325978.697663307
1767325978.717696428
1767325978.738119125
1767325978.767960072
1767325978.788592815
1767325978.818055868
1767325978.838222265
1767325978.867983341
1767325978.898721695
1767325978.927875280
1767325978.948488474
1767325978.978113651
1767325979.009561539
1767325979.037381411
1767325979.057896137
1767325979.087651968
1767325979.117151260
1767325979.137496948
1767325979.167231083
1767325979.187740088
1767325979.217352867
1767325979.248715639
1767325979.277497768
1767325979.298160315
1767325979.327643871
1767325979.347971439
1767325979.378140926
1767325979.398252249
1767325979.427699327
1767325979.448112965
1767325979.478074312
1767325979.507269382
1767325979.527356625
1767325979.547816753
1767325979.577758074
1767325979.607490063
1767325979.627532482
1767325979.657679796
1767325979.677968740
1767325979.707362413
1767325979.727480888
1767325979.747564316
1767325979.767674208
1767325979.788002491
1767325979.817928791
1767325979.847381830
1767325979.877661943
1767325979.897886276
1767325979.927826166
1767325979.948075771
1767325979.977507830
1767325979.997899294
1767325980.027863264
1767325980.057807922
1767325980.078316450
1767325980.107751131
1767325980.128284454
1767325980.157522678
1767325980.187166691
1767325980.207641363
1767325980.237561703
1767325980.267659187
1767325980.297504425
1767325980.327426672
1767325980.347789049
1767325980.377668142
1767325980.398017168
1767325980.427491903
1767325980.447678328
1767325980.477349997
1767325980.497630596
1767325980.517809391
1767325980.548897505
1767325980.577371120
1767325980.597960234
1767325980.627605438
1767325980.648195267
1767325980.677394390
1767325980.697806120
1767325980.727963924
1767325980.748045683
1767325980.777516365
1767325980.798169374
1767325980.827526093
1767325980.857825756
1767325980.878080368
1767325980.907893896
1767325980.937967539
1767325980.968304634
1767325980.988425493
1767325981.017560720
1767325981.038259029
1767325981.067212582
1767325981.087629318
1767325981.108563662
1767325981.137440205
1767325981.168262243
1767325981.197196960
1767325981.217376471
1767325981.237647772
1767325981.258284807
1767325981.287128448
1767325981.307831287
1767325981.337522745
1767325981.357808590
1767325981.387578964
1767325981.408931017
1767325981.437922716
1767325981.467483044
1767325981.487645864
1767325981.507800817
1767325981.537614584
1767325981.558436632
1767325981.587644339
1767325981.617319822
1767325981.637828112
1767325981.667221785
1767325981.687237024
1767325981.717149258
1767325981.737164259
1767325981.758239269
1767325981.787352324
1767325981.807623863
1767325981.827886581
1767325981.848025560
1767325981.877965927
1767325981.907448292
1767325981.928373575
1767325981.958121300
1767325981.987390518
1767325982.007638931
1767325982.037900925
1767325982.067136288
1767325982.087428570
1767325982.107443571
1767325982.136932850
1767325982.159116030
1767325982.187796116
1767325982.217939138
1767325982.248201609
1767325982.277371645
1767325982.297451019
1767325982.327073812
1767325982.347885847
1767325982.377207994
1767325982.397304535
1767325982.417341709
1767325982.437350512
1767325982.457498074
1767325982.487285614
1767325982.507739067
1767325982.537542343
1767325982.567379475
1767325982.598937511
1767325982.627384186
1767325982.647670269
1767325982.667691708
1767325982.687793970
1767325982.718370438
1767325982.747946501
1767325982.777497530
1767325982.797976732
1767325982.827026606
1767325982.849293947
1767325982.878009558
1767325982.907389402
1767325982.937296391
1767325982.967223644
1767325982.987369537
1767325983.017181635
1767325983.037517071
1767325983.067119122
1767325983.087175608
1767325983.117136717
1767325983.137370110
1767325983.168020487
1767325983.197813272
1767325983.227531910
1767325983.257280827
1767325983.277807713
1767325983.307578564
1767325983.337353230
1767325983.367421389
1767325983.388442516
1767325983.417182922
1767325983.437389612
1767325983.457740068
1767325983.487051249
1767325983.507411718
1767325983.528191566
1767325983.557785273
1767325983.587448359
1767325983.617339611
1767325983.637378216
1767325983.667859077
1767325983.697824955
1767325983.727254868
1767325983.748590946
1767325983.777179241
1767325983.797448397
1767325983.827021360
1767325983.847318172
1767325983.877167463
1767325983.907151937
1767325983.927334070
1767325983.947898626
1767325983.977339745
1767325983.997854233
1767325984.027188540
1767325984.048118114
1767325984.077278852
1767325984.097796202
1767325984.127631664
1767325984.148191690
1767325984.179399014
1767325984.207180977
1767325984.237245083
1767325984.267054558
1767325984.288317919
1767325984.316922665
1767325984.337135553
1767325984.367102385
1767325984.397488594
1767325984.427448034
1767325984.457126141
1767325984.477127075
1767325984.497703314
1767325984.527576685
1767325984.548010826
1767325984.577460051
1767325984.607862473
1767325984.628191471
1767325984.648734570
1767325984.677972317
1767325984.707855463
1767325984.737518311
1767325984.767605543
1767325984.787920475
1767325984.817637205
1767325984.847435713
1767325984.867498875
1767325984.897474289
1767325984.917570114
1767325984.948266268
1767325984.977645397
1767325984.997844934
1767325985.027455807
1767325985.047936440
1767325985.077824116
1767325985.107801676
1767325985.136941671
1767325985.157880545
1767325985.187117577
1767325985.207563400
1767325985.227745771
1767325985.257677317
1767325985.287292719
1767325985.307590246
1767325985.327840805
1767325985.348040104
1767325985.368421555
1767325985.398222446
1767325985.428615570
1767325985.457303286
1767325985.477903366
1767325985.507434845
1767325985.527481318
1767325985.548000336
1767325985.568060160
1767325985.598957062
1767325985.628277302
1767325985.657634497
1767325985.677779198
1767325985.697875023
1767325985.727734566
1767325985.747802973
1767325985.777489424
1767325985.807440519
1767325985.837016344
1767325985.857220888
1767325985.877794981
1767325985.898716211
1767325985.928215265
1767325985.957545757
1767325985.987130642
1767325986.007273436
1767325986.037327766
1767325986.058155060
1767325986.087814569
1767325986.117916346
1767325986.147212505
1767325986.167861700
1767325986.188446999
1767325986.218005896
1767325986.247392178
1767325986.267398834
1767325986.288033724
1767325986.317506075
1767325986.347534895
1767325986.550370216
1767325986.618900537
1767325986.705587149
1767325986.727417946
1767325986.747449636
1767325986.777670622
1767325986.797706842
1767325986.827322245
1767325986.948109865
1767325986.978050709
1767325987.070655107
1767325987.097329855
1767325987.127336025
1767325987.147406101
1767325987.176924944
1767325987.197151423
1767325987.227122545
1767325987.247490644
1767325987.277111530
1767325987.297678947
1767325987.327091932
1767325987.347268820
1767325987.376978397
1767325987.397413015
1767325987.427281857
1767325987.457212925
1767325987.487190247
1767325987.507404566
1767325987.537276983
1767325987.567321301
1767325987.597163439
1767325987.617330551
1767325987.637425900
1767325987.667054653
1767325987.687101841
1767325987.707126856
1767325987.727455616
1767325987.757075787
1767325987.777280331
1767325987.797409296
1767325987.827250481
1767325987.847501278
1767325987.867584705
1767325987.897403002
1767325987.917792559
1767325987.948563337
1767325987.977266073
1767325987.997647047
1767325988.028233528
1767325988.058096170
1767325988.088087797
1767325988.108158827
1767325988.137189865
1767325988.157447100
1767325988.177791119
1767325988.207744837
1767325988.228523016
1767325988.257341385
1767325988.277826309
1767325988.307869434
1767325988.334224701
1767325988.357688904
1767325988.387598753
1767325988.417778254
1767325988.447231293
1767325988.467399836
1767325988.497548103
1767325988.517767191
1767325988.574124813
1767325988.630467415
1767325988.690500021
1767325988.750617027
1767325988.810563087
1767325988.870887280
1767325988.930580616
1767325988.990659237
1767325989.050546885
1767325989.114571810
1767325989.170764208
1767325989.234570026
1767325989.294933319
1767325989.350648165
1767325989.410832405
1767325989.470568657
